301

11111111 111111 1111111111111111111111 11111 noba
11 111111 11 11111111. Γ. XV. 277. 111111 1111111 1111
1111111 11111 11111 111 11111 11 1111111111111111
1111111111 1111111111 11111111111 111111 1111111111. Γ.
XV. 279. 11111 ie 11111111111 1111111111 11111 11111
111 1111111111. 1111279.

11111, calidus: 11111 111111. ,11. 28. 11 111111 11·

1111111111111111291).11111111111111 1111111111.,11.137.
1111111 111111 1111111111 1111. 52. 11111111111111 11·

1111. M 111. lesek. 121.

111111, populus alba: 11111 111111 111111.Μ.93.
11 1111111. Μ. 93. G. 11. 1847. 1151. 11 1111111. M. 199.
ry 111 61111 1111111111, jep je 1111111 1111111111 11 w·
11111111. 1817111112. 11 111111111111611817117.
54. 11 1111111. Γ. XV. 310. 11 111111 111111. Μ. 199. 11
1111111 111 111111, 1111111111 1111 1111111. 1111111111.
bd. 5111111. 1111-0111 1111111 1111 1111111111
11111 111111111161111111 011111 111 1161111111
111111. Μ. 231. 1111111111, 11111111111Τ111111.
8111111111. 18611 37. 1863. 50. '

111111111111,1111111111111111111111111111
11111 1 11111111111111. M. 1110118111111. 11 je
611 cyme 1111 1111111111 Τ111111111, 11 111111 cy
1 1111111.

1111111111, 1111 soie je 1111611111 111111-
11111111111 1111111 1111111111 11 1111111111. Μ. 11.
‘ro 111111 6111 11111111 Γ1111111111 y I'pym. — sspaj
y 11111,11 1111111111,11111111)11111 1111 1111»
Μ111111 1111111111. Μ. 565. 11 11111111 111 1111111
1 11 1111111111. Μ. 565. 11 11 1111 11 1111801 ΡΜθψῐ
11111111111111111 1 1111111, 11 111111 n 1111 111
1111 Γ11111111 11 1111 1111111111. 111111,11111171.

1111111111, 1111 11111111 61111111 Γ111111
01111111 1111 1111111111 11111111111111111111111111111

c 111111 11111111 1 1111111 11111111 11111111 111111·
111111 Μ. [139.

 

