12

1111110111 y 11111111111111611111111111.1”.111.171.
·- 111111 5111111111 111011. Μ. 105. 569. -011 11111 1
5111111111111111 111011. M. 511. -11111111111 11·
1111 1398-9. Μ. 111115. 01 nemora 111111, nome 61-
11 111111, 11111 1161011111 111101111101 noso·
1111 xlv 111111. 11. 5114111111 11111111, 1111111111.

111111, 111111 101101. .

11101111, 111 111110111111111111101111, 11-
11 1111111 111111 0011111111 1391. 11226.

11101111,111111 111011111.

1111111111, 1111111111 0111111 6111 1101111110·
,11 611110 1110111111 1332. 11. 101-111111 11161111
1111 11011 11111111, 111111 11111 1110111111, 1 11
11111 011111 1 ’111111 11111191-1111.11.221.217.
2311371511. 1.Χ11.211. cf. 111111. -11111 11111 11·
10111111 11111111111,1.11111 11111111111.-Β11111111
1οἱ1ο11 11101111 1111111111 11111 1111111 1111111111
111 11111111 Bynouupnha, no my ce 11111 1111·
1111111111111 1111111111 1139-11.11.3117.398.399.111.
-Β111111111111111111111011011, 1011 16111 11·
10111111 1151, 6111 1111111111111111111111 Baa-
1111111111. 171. 11. 11111111111. -Y 1111111 111111
[1111111111 1111101 1111111111 1185. M. 5³2. -- 11111
(111111 1110111111111 11 je 611116111111111105.
1111-11111111111 111111 1111111111 1111-11, 11.
165. 106. 171. -1111111 11111011 011111111111111 11-
10111111 1113. Π. 6. 79.

11111111, 1011 1111111111 11111101010111111,,110-
61111111111,11111051111111,11111111 1 11111111 111-
111 11111 je 1111 11 11101111 6111111111.11.87. 111
11111 11101111 (r. j. 111111111111111111).11. 37. 11·
101111 11111111 (1111111011 11610111111111101111,
1111 je 1111 1111111111161111111).11.79. 11111111
1111111111. 161. none 6111 11101111 1111101011.

111011111 1, 1111111 hym 11111111111111111·

11111111111011111111 11111011111110111 y 1111·

 

