111

’ 1111111,121111111111111111111, 11111110 1011 01111-
ἷ 1111111,111111111 1101111111 111111110116110111

11111011 Cremna. 11. 6. 79.

1111101111, 1111111111 1161011111 1111111 12111·
111111 1127. Μ. 311- 3111111111 1151011111 111111
1111111111 1112-15.111.119. 131. 11. 1111111111.

1111111111 1, 1111111111 1111160111111011 11161111,
111 111111 1111110 6111111111 1395. Μ. 227.

1111, 11111 1111111101 1111111111 1101111 11111011.
«1111111011111111 1111010 111111 110111161111111111
11111111. 11111011 1111110110 mne 01111.

11111, Sinai: 11111111111 1111111152.

1111111 1111, 1111111110111 11011 je 1111 0111111
111 1111111 1111111101111111111111111111111, uem
1111111111. Γ. 1111295296. ’

1111111111, 11111111111 11111111 111111111111111.

11. lw. 1111111111 1111111111 (1·.1.1111111111501010-
111111 11 911111 y 1111111111). Μ. 159.

, 1111111, 11111111 11111111 1111111. Μ.213. 11. 111·

1 .
Ἢ 11111, 1111110 nme: 1111 11111 11111111111111

ἢ 1111111 1111101 15111. ,1.83.

1111111, une wypcno: 12111111 1111111111111111
1111111111 111111 111111 11. 11111 1595185.

111111, 11111 1111111011 11011 Sinope: 1111 11111
1111111111 11 11111111).

111111111111, 1111111111 11 ’1110111111 11111 11-
111111 111111111011.’ Γ. 111. 137. 111111111111. Γ. Χ111.
370. 11 111111111111.Γ.Χ111.ἒ171.

11111111, ceno 1011 je 11111 6011111111 ‘Ponam
01111111 110 1110111111 110110111111111111111111111111τ
1111 1111111111. Μ. ί1119.

cuum,- 1110 11011 11 11111 11111111 110 Γ11-
1111111, 6110 1111 0111111111 1111111111565.

111111, σύνορον, fines: 111111 1111111111, 111011

1111111111. M. 61. 111111 1011111. Μ. 61. 11 1111111 11111·

 

