173

1 1111111111.» 1111111, 11111 ce 1 1111111101 31111·
1111, 1111111111, 111 11111111 6111111 1 6111111. 1
61111111 161111111 1 111111111111 611ψ111 1419-66;
1111111419114221111111111 ce c 0111110111 ce 11
11111 11111. Μ. 284. 289. 296. 360. Π. 6. 75. 01 1011111 1429
1111. Μ. 356. 360. 364. 373. 386. Π. 6. 86. 88. 92. y aaran·
11011 11111111111 j0111 1423 1111111011 01111 111111
111111.Γ.Χ111.149. oa 111111 1435111111 1111111 pu·
1111 1111111111. Μ. 381. 384. 396. 393. 396. 466. 463. 415.
111129431111116. 103. 1041111230110111111449

1111111 111 1111111 6111 (111 11111111111111 61111), 11·

111111111111111111111111111111111111111111111111111·
11111, 111111 1111111111. 6. 115. Μ. 441. 443. 444. 448. 451.
451. 457. 460. 461. 466. 485. 491. 492. 11. 6. 118 ympno 22
:aja 1466 11 1101111 y 1111111111. 11. 6. 128. Μ. 496. 490.
566. 561. 507. 508. 569. 511. 512. 515. 519. 557.- can κορ-

uera 6111111111 11111111, 1111 61111111 1466-76. 11. 6.

125. 129. Μ. 496. 499. 661. 563. 564. 569. 513. 515. 611·
1111. Μ. 505. 61111111. Μ. 507. 61111111. Μ. 511. 611·
1111. 11. 6. 136. -- sspaynyn 11111111 61111111 61161111
lm Μ. 557. - 1111111111 1111111 Ypoma, 1111111 611·
§m 1254. Μ. 46. - 611 11111111 y 11111111 6116111 xlv
nnjena. Γ. V. 361. Μ.246.-“11)1Ῑ11 nepa-sa Ocvoje 11111111
61111111 1399.11.6.43.-1111111111 Fprypa 1 6111116111-
1111111111111111111111111111171.111111111111111-
upt 61111111 1111116111 1111 1409. [Ι.99.-1311111111
1οῑ1111Ρ1101111[1111011111110111111161111111423.
11325-1010111 111111Το11111 0111111161111111458.
11. 481. - ι101111 1111111111 60111111311111, 11111111-
111, 11111111 6111111, y ,1111111111 1111111 111111811-
phanus 141811. 175. 177.-Βοῇ1ο,11 1011111111 111111
1111111111 111111 116116111 1111111111 1472. Λ. 81.-611·
1111111161111111111111101111101161111111563.-Ηῑγ·
111 1111111111 6111111111 11 1111111111 6111111111 11111
116111, 61161111 1511111111-111111 1111111111
611111111111 10111111111111111111 6116111 unca

 

