-78

÷ 500.51151011115811111101511.1111111 1111111 01111.
Μ. 181. -13111 01111111 111111 111111111111111, 1111111
111111111111, 01111111111,111111 1111111111 111111-

11111.Μ.18. 7181111210. Γ. xl. 160. 1111111111 ee 111111 ,

0111 1111111 12 ves. Γ. xl. 191.-1111111111111 11111111
0111111111 ΙΙ a 11111111 1111111111, 0111 111111. 11711.
82. 111111111111111111111111 0111 26 111. Γ. ΧΙ. 101. --
Γ11111 1111111111 11111111 1111111 01111111 y 11111.
11113. 156. 1111111111 11 1111111 1111111111 11111111
‚faun- (6857ε1319), 1111111111 1., 111 1111111111
1111 1111111111 611 1111111111 ,1111111111 sao 1111111111
1111111111 1111111111, 11111 1111 1111111 6111 111
nummu 111 ee 11 1111111111 11 11111111 111111-
1111 11111111 1111111111 (11111 1111611 111111111-
111 n 11 11111 111111. Γ. ΧΙ. 161. 11111111 1111111111.
11111 0111 201111. Γ. ΧΙ. 191. - 11111111 1111111111
11111111 01111. Γ. xl. 101. —- 1111111111 1111111111110111
1180. 11. 6.18.-- ι1111111111111111,1111111111 0111 1080.
Μ. 512. - 11111111 1111111111 0111 um. Μ. 556.-
111111111111111111111101111506.Β.’111111.18.-11111111
,11111111 0111 1597. Β. 111111. 22 *Cuma 0111 11111·
1111111111 11 1111111111. Μ. 187. 138. [ΙΙ. 1111111. 119. 11·
111111 1111111111 cn. 0111 11111111111111.Γ.ΧΙ. 191.
1111, 1111111 11111111 1011111111 1111111111 1. 11.
150. en 0111011. 11111113. 11 1111 0111118111
11111 0111118187. 111111 11111 01111111188.
1111111, sabaoth: 1111111 1111 1111111111». 11
1111111111 1111111 1111 1111111119.1111111111.
11111111, 1111111111 1111111111 1111111 (1111111.

, 1111.111-11111111111111111111111111111111.

601. 312.

111111, §abbam 111111 1111111111. 1. 1110111111.
115. 1111111111 1111111111111111111111111111111 111111
11 nebo 11 111111 111111111101. 11111 cmm 1111-
1111111. Μ. 138.

mm, sabinus, 111111 0111111111.

 

