187

1111111 1 1111 111111 1 1 11 1111111111111 11111111
111111 1111111111.

11 11 , junius: 11111111 1111. Μ. 291. 11111 1111. 72. 11111.
1175. 70. 77.

1111, 111, junius: 11111111 1111.Μ. 861288. 11111111.
88108. 11111111 11111. ss. 108. 111111 ,1. 11. 6. 81. 1111. 11.
6. 109115. 11111111. 79.

111111,111111111 11111111 111111111111111111.,Ζ1.107.
- flue 11111111 noina-nen cvapjeumna y 1111111111 ,111-
11111111111111011111111 10111 111111 11111111, 111
111111111111111111111111111111, 11111111 11 11111 11
1111111111 1 1111111111 11 1111111111 111111. Γ. xl. 88.
11111111 11 11111111 11111111 11111111 10111. Γ. 11189.

111111,1111111;111111 11111111 111111).1111.58.1111.111.116.

11111, Georgius, y 1111111111 cauo 1111111 11111-
11111111 1 111111 111 1111111111 11111111 101111. Μ.216.
101111. Μ. 818. 10111. Μ.219. 10111. [1. 6.,10. 101111. M.
116. 10111111. Μ. 219. 1011111. Μ. 219. 11111 11111 101111. M.
1111131110. 10111111. M. 805. 10111111. Μ. 222. 111111 ue
1111111111 11 je 1111111111 10111, 11111111111111 11
namna 1111111111 1111111111 je 1111111111 11111 1111
101111. Μ. 1111. - 1111111 1111 1111111 10111 111111111111
11111111. Μ. 219. - 01111111 0111111111 ,116111111111 11
1011111 1100. Μ. 219. -6111 111111 1111111111, 1111111111
1111111111 Xpnoja, 1111111 1111111111 1111 1011111181. Μ.
3711111111 ce 11 11111111111111111111, 1111 111111,
jem 11111111111111 1111111111 Georgius Voisnlitius.
Μ. 880. -01111 1111111111 ,111111 8111111111 111111 11811
11 11111111 10111111. Μ 871. - 01111 11111111111111111-
111111111, 111111 1111111112.Μ.111. 1111111 ce 11 111111-
11111111 1111111111, “oie 111111. -- 01111 1111111 111111-
11111111 ῐ1111111111 1116 1111111 1011111. Μ. 180.-“1111111
61111111 11111111 11Ρ1111111 1111111111 aynan: 1111111. ss.
185. 11111111 ra 11 11111111, 11111 111111.-1’.111111 11111·
1111, 8111111111, 1111111111,1,1111111111 (111111111111),
111111111111, 0111111111, 11111111111, 1111111111,

 

