1111111111,11111111111111611111 11111111 111111 111·
11111111 1111111111. 131 96. 1111111111111 1111111111. 016.
11111111 1111111111 1111111111..,Μ.167. 111111111 1113
11111161. 6117. .

11111111111., 1111111111111111111.

11111111, 111111 1111111 0111111· ,aynano 1111 Χ11- ¹

,1111111111 1111111111. 112. 11111 1111111 91111111 11111111
111 11111111 (3111111111, 11 1111111011 1Γ1111111111111111111,

’ 111 11111 11 1111111111111111111111111111611111111111.

Μ. 111113. 11111 6111111111 Μ. 123. 611111 je 11 way
[111111111111111111111111111 1 111111 6111111161. 191.
1111 11 casta. Hahn, reiso 1611166166.

1111111,81111111111.1111111 1111111111 1 61111111-
Μ. 550. .

111111, 1111111111111111111 11111111111 1111111111111·
11111 11. (11. 1. 11 11111111 11111 111 ,11111 1 11111. 11111.
(11.2. 1111111111 11111111111.01.2.11 11 1111111111
11 11111 1111111.11.36.1111111111 ’1111111111 11111111 1111
11111. Μ. 9. 11 111111 11111111 111111. Μ. 9. 111111 111·
1111111111 11111 11111111 111111111.Μ.116. 111111111
111111111111111111111. 61122. 11111 11111 11111111161.
116. 1111111 11111111 1 11 11111 1111111111. Μ16ῑ19. adi·
11111111 111 1111111 1111111111 ,1111 11111111 11 1111111·
1111111111 1111111111 1111111111 111111111 9111111 [1111.

Μ1 129132. 1111111 111111111111 nummo-mu· 111. ’

128. 11111111111 1111111111 11 11111111 1111111111111111.
Μ. 132. 111 111111111111111111111111111 1111111111111
111. Μ. 136. 111 11111111111111 11111 11111111 111. Μ. 139.
1111 11111111 1 11111111111111111111111111111111111·
1111 111 111111 11 1 1111111161. 1116. 1661119163. u·
1111111 1111111 1111111111111111 11111111111111111111
16116166. 111111 11 1111 11111. 11111111 mm& 11
11111111111111111111 1111111 111 111111 Μ. 118. 11
1111111111 1111111111 1111111111 11111111. Mn 1961 1111111 '
11111111 111 11111111111111111111111111 11111111111111
1111111111111. Μ. 1691111111111 1111111111 1111111111

 

