61

eunoun: 1111111111 11111111 1 111111. 1138111111 111111
ιι 11 111111 1111111111 ιιιι. M. [167. 1 111111111111.Μ.
[193. 111111111Ρ111111111ιι1111111 ιι eunoun ny: 111111
1111111. 111399. 11111111 11111111 1 1111111111. M. 100. 11
11111111 111111. Μ. [105. 11111111111111 ιι 1111111111.
[1121 111111 putatu. Μ. [123. ιι 1161111111 1111111] 111111-
najy pycarom 1111111 1111111111111 111111.01.[111.[167.

1111111111, regni , 11. potem: 111111 11111111.
11. 123. 11111111 1111111. Μ. 312. 111111111311. meno·
,1111 1111111. Μ. 381. [112. 111 ron 1111111 111111111.
Μ.[100. 1111111 11111111. 111169. 1111111111 1111111.Μ.[170.

1111111111, 1111 je Aeuanuua 1111111111 111111·
1111111 11 111111. Μ. 92.

11111111111,1]6ροιιιιειιιιιι 1111111 11111111111111-
111 11111111 1263. M. [10. - 1111111111111 11111 11111011-
1111 unca 1111111111 1111111111111111111111111)1 111111 6je-
me 61111 1111111111, Γ. 1111290.

1111111, 111111111111111 11111111 6111111 11111111)
moja 1111111111. 01111116111111 11 111111111101111
Fopy. ,11. 6. 1111111 1111111111 11111111 11111111 ew. ,1.
59. 111111 11111 111111, 11 11111 1111111, 11111 poten, ιι1
1111111 1111111. Ca. 12. Γ. 11311.

1111111, une myuuto: 1111111111 11111 je 1111
Cremna 1111111 upum« 11111111111111 y Mpnapeuy 1111111
6111111 11111 11111111. Γ. XV. 291. - Γ.ιι1111 nomentan,
61111111, 1111111111.

19111101 tinen, 1ι11ι11; pomum. 1111111111. 111163.
unz. . 6.

1111111,111ι111 11111111 1111111 11111111 1137. Λ.
77. 11. 11111111.

1111111, ιιιιιι ιιγιιιιιοε ,1111111116111111111 11111,
cna 1111111 Χριιοτοψορα 1392-1130.11. 6. 31. 36. [10.
11. 11. 1111111. ιιι. 89. 11. 11. 11. 111. 111. 111. 111.
272. 273. 276. 288. 296. 300. 309. 311. 310. 321. 322. 331.

1:48. 35ῗ. 3119. 362 11. 51. 88. 101. -Γ11111 111111111111,
11111 1.

 

