440

111111, 1111111111 aa je 11111111111111111 11111111
11111 1111111 11111111. Π. 6. 125.

1111111111, 1111111111 11111111 1111111011Γ11111111
noju je 1111110 11111161 u 11111101 111110111111111-
11111111ε 111111111111111111.11.61.·11. 11111111.

1111111111, 111111 1111 je 11111 0111111111 1111111
111111111111 y sspnapeuy: 1111111 111111111. Γ. 1111278.

. 1111111, 1111111 11111311111111111111 11111111-
11111 11111 1111111 11111111 1134. Μ. 379. - 3111111111
10111111 1111111111, cuna 111111111Ρ11101111111111·
nuha, 111111 111111 1111111 11112. Μ. 9111.

11111111, 1111111 61111 ,111611111111, soie 1111
11111111 1111111, Ragusa Vecchia: 111 11111111. 1112.
111 11111111. Μ. 217. 11111111. M. 218. 296. 298. 361. 363.
338. 316341316349350. 368. 382.397.113.122.170.[1.155.

1111111, 1111111111111111 1111111 111111111 111111 ie
111111 1111Χ111111111111 1111111111 Τ111111111. Γ. Xl.
131. 11 1111111 1111111.1’.Χ1. 135. 1 111111 1111111111. Γ.
11111375. 1111111 cena 1111111111 1111111111 11111111 111111
11 111111 1111111111. Γ. XV. 287. 11 1111111 111111. 3.
3111111 111111. 3.(16. 111111 11111111 1111111331. 111·
1111 11111113. 36. 11 111111111111111 11111111 11111
111111. 3. 38. 11111 111111.3.18.111111111 1111111338.

1111111111 1111113110. 11111111 1111111 338. 1111111
111111. 3. 38. 1111111111 111111. 3. 39. 111111 1111113111.
1111111111111 111111. 3. ί13. 11 11 11111 11 1111111 11·
’ 11111318. 1111111111 1111 11111 1 111111 1111111115.
11111 111111 1111111 1111111111 1111111111 11111111. 11.
, 391. 11111111111111111 11111111 11111111512. 11·
1111111 111111111111. 512.

1111111111, 011111111111111111111 11111111111111

· 111 111111. Μ. 18. 11 111111111111. 6. 23. 111 1111111111.

n. 10. 1 1111111111. 1117. 1 1111111111. Μ. 517. 11 11111·

111111. Ji. 62.
1111111111111,11111111111111111111111111111111111

11111111111111.11.16. 11111111111 1111111111111111..1.59.

 

