111 ,

’1111111111111111 61111 ga 1111111611111111 111111.
Μ.611. 111111 ce 1111111 1166. Μ.106.

1111111111, 1111111111 111116111111111 1111
6111111 6111111111 1302. 11. 6. 36.

1111111111, 111111 (1111111)1 y 011111 11111
6111111111 1317. Μ. 127. 6111111111. Μ. 131.

111111,11111111,11.161111,1611,161111111111111.11
11111111 l: 161111. Μ.56. 67. 69. 70 (y 111 1111111111).
161111. Μ. 68. 61111. Μ. 60. 161. Γ. ΧΜ.288..1.60.89. rpu-
1111111 11111 11111111111111111 6111 1111 111111

1111111111. - 111111 napa 01111111 11 1111111111 1111-
111111 1111 6111111. Μ. 132136. 113. 166. Γ. ΧΜ.266. 111·
111111. Μ. 166. 6111111. Γ. xl. 87.-Μ111 61111 1111-
1111 111116111111111 ’111111161111 1378. Μ. 189.
y 1111111111 1111111111111111111111 1861. Γ.1111.16.
4911111111.- 111111 111116111111111111611111161111
1392-7. Μ. 221. Μ. 1. 61111. Μ. 226. 11. 6. 39. 611111. Μ.
230. 11111 1111111111 1118 61111. Μ. 281. - 111111111-
11111Χρ111111121 1118 11111111 61111111 11111 xpm
choje 161111. 11. 176. 177. 161111. 11. 176. 11111 1123.
11. 171. 172. 111 ostoja cepit 11111111111111111111111
olim 111111110111111,11111 1111111111 uxore prima.
Π. 111111. 6111 je 11111161111111111111 11111 111111-
111111 1111111111 donavit 11111 de Cetinas fratri
111 castrum 11111111.11.Χνη.-1111 11111 1111111,
11111 1111111 (11111111 161111 1397-14121111111 nnmy

161111, 61111, 1611111, 611111111111 1 1611, 6111.
11. 12 (y 111 1111111111). 13. 22. 38. 68. 69. 63. 96. 103.

321. 368. 369. 386. 387. 101. 115. 125. 11. 6.66.72.73.78.87.
95. 102. 108. 1011211211.1111111611111611111 (lpa-

1111111111111 5111111111. 11. 111111. - 711111 one Je-
1111, 1111 1111 joj Baome, 111111 11111111 (11111111
61111, 611111, 61111, 61111, 6111 1138-53. Μ.396. 115.
416. 425. 1167. 519. Π. 6. 121. 122. 123. —- 116111 11111111
0111111111111111 61111. ,1. 73. 111111 je 1 161111, 1111

11111-1111111111111611111 161111 1108. 1193. -111111

 

