449

11111111111,1111111 11 1111111111 11111111 y

11111111 61111111111111111111 1111111111 1 1111111 111111
11111111111111. 11111.

1111, 11111. teche, aedes 11111111111111111111111
1111. ,1.76. 1111111 1111111 11 11111111 1111111186. ¹

111111, uicem y 611111 111111 1111111 1 11111111 ·
111111 (1111111 11161111) 1111111111111 1111111111. 635.

1111111111, 1111111111 11111111111 1111111111 111-
6111111111111111111111, 1111111 uumy 1 6111111, 111-
6111111 1111111111 1423 -42, 111.326.347.416.423.-11111111,
11111111 je 11111111 nyw 11111111111 111111, 1316111111
1111111111 1427-45. M. 347. 416. 423. 431. - 1111111 cy-
1111 1466. ss. 6. 127. 129.

1111111, 11111 1111 napa ,1111111 6111111 mma 11
1111111111111 11 1111111111 (1111 111111111111111111·
1111111111 11 6111111111)..11. 73. 11. 1111111, 111111111.

11 1111111, 11 1111111 11111(61111) y 61111111κοὶ1
1111111111 11111 1611111111. 63. 11. 6111111.

1111111111, 1111 11111111 11 1111111111 unca 11111111
61111111 116111111111. 11. 6. 164.

1111111111111, 1111111111 1161111111 1111111
11111111111111111111 1423. H. 6. 79. - 1111111111 11161111·
111111 1111111 111111111111 1166. M. 566.

1111111, 111111111111 6111111111 1466-761 111111
1111111111. 6. 126. 11111111 1111111111. 6. 125. 1111111111
11111111. Μ. 561. 111111 11111111. 111. 563. 567. 566.

11111111, 1111111111 1111111111 6111111111 1111111·
11111 61111111 1466111. 441.

11111111, ceno 1111111111111111 11111 9111-
111111 1111111116. 197.

1111111,611111111111111111111111111,1111111111.

111111, 111 11111111 1111111111 111116111111
Aequanum: 1111111 1111111 1 11111111 1334. Μ. 169.

1111111111111111,111111 11111111111111111.

1111111, ruber: 1111111111 111111111111 16111-
11] Γορ1 11111 111111 11 1111111 11111,111111111111·

111 11

 

