11

111111 111111 111111111111 11111 11111111. 136. m·
1111 1111111111. Μ. 1. 1111111111 1111111111 1111111-

11111 1111111. Μ. 191. 1111111111 11111111111,1111111111
1111111111. Γ. ΧΙ. 161.
11111111111, 111111 1ο11111. ο
1111111111111, summa potestas: 11 11111111 11
111 1111111111 11111111111111. Γ. ΧΙ. 86.
1111111111111, qui 1111111111 111111111111111111
111111111111 1111111. 116. 111111111111 111111 1111111.
188.11111ρ1111111111 11111. Μ 67. 561. 1111111111 1111111·
1111111. Μ. 110. 11111111111111 1111. Μ. 162. 11111111111-
1111 111111111.Μ.1951.1.,59.111111111111 1111111111 111111
1111 1111111 111111.Μ.Μ13. 1111111111111 11111111 611·
1111111266. 111111111111 11111111111111111.111. 3. 11·
1111111111 111111111111111. Μ. 48. 111111111111111111
111111111111. Μ. 121.
1 1111111111111,”1111111111111 11111111111111111
11111 1111111111111. Μ. 65. 6111111 1111111 111111 11111·
. 1111111111 1111111111111111 11111 1 111111.Λ.66.
1111111111111, qui summam 111111111111111111
11111111 1111111111 11111 11111111111111.01.36.
1111111111111, qui summam habet potestatem:
1111111111111 1111111111. (1110.
11111111111, quae 1111111111 11611111111111111
1111111 u 111111111111 11111. Μ. 621. ’
11111111111, qui summam habet potestatem:
1111111111111 111111111 6111111 11111111. 1.
11111111111, qui 1111111111 111111111111111111
11111111111 1111111111 111011. 111111111111. Cn. 1.
11111 1 11111111111 1111 1111111 111111. Μ. 16. 11111 n
11 11111111111111111 1111111. Μ. 16. 61. 76. 11111111111
11111 1111111111 11111. 11111111. 111. 191. 261. 322. 11·
1111111111 11111111 11111111 11 111111111111126.
11111111, Samuel: 11 6111111 1111111111 111111.
Γ. XM.

1111111111, 111111 1111 11111.

 

