153

apa-s eman 1115551551511111551111111115111511 6151115
11115 [1111151111. Μ. 12.

11111111111,115111 111111111111 1111111111 1111111·
111111. Μ. 17.

1111151111, 1111111111 1515111 111111 [1111111111
1185. Μ. 536. 531. -- 11515515 55551111 1111111 1111511111
1151-55.11.118.111.-51111 111111. 11 6111111 111111-
151111111. Μ. 566. 115511 55 Pam 555555115511115111111
5551555115115 51139211516111511511155, (1511111155Ζ51115
51115655.Γ.Χ11.129.138. 1111155 55 1151111115 op, 1396.
Γ. xil. 181.

11115111, 11511515 5511 9111111151 1151551515 Tpe·
5115115 1111115 5111111511 1151 1111111511. 11111511.

11111, 5115111511 11111. Μ. 198. -111111 15111 511
1111111 1511 on 11111. B. 111511. 1351111111 1511.-ΙΙ1111
111111,1·.15151 1111111. 51. 111111.

1111111111111,11511111,11151ο.15511111155515551015-
0⁸¹¹ 11115111111511 51115151555111111151551 6151111111·
unqe 11111111 11111. Γ. XV. 300. 51. 11111111.

11111111,1111151 5515511511 xlv 51115115 111511 11111111
nno 15 5155151161555511511. 11. 5. 26.

11111111 11111, 1151151 11111111 81111.

1111151,1.15151 1111111.

1111111, 5151111111111.

11111, manubrium: 11111.1.111111111111 1551111151.

Μ. 498.

111111, 1115151 1111111.

111111111,15511550155511 55515111 1111111 1111·
1111 111111 1111 11111111151 1111551115. Μ. 571.

11111111 1111111, 5515 1515155151 6555115111
'Ponam 155 5155511115 11515515 1155551115 111515515151
mo 11111111 1111111. Μ. [139.

111111, 11115 1111111151 1151115 1155511 aynau 115115 ae·
ne 1 iheu, 15 ,155 Ρ555511ι111. Μ. 196. 115111 115 611111
11 11551511 ujecwy: 1381 511511111111111115111111 1511115
11 111111111111..1.71 51. 111111.

 

