4⁵⁷·

11. 196. 1111 1111111 1111111111 11111.Μ.399.111111111111;
1111. Π. 18. 116. 11111. 11. 83,

111111, 1111 11111 je 1111011111 11111111111
1111111111 1111 111111. M. 93. 1111111.Μ.93.91 11 Υ1
111111.Μ.93. 11 Υ11111. Μ. 97. 1111111111111 1111111
11111 onai 111111 1111111161111111 1111111111 1 §.musy
1111111111, cf. 111111111,1111111111.11. Υ11111.

111111, 1111 1111111 11111111Μ1111111111111111
1111111111 1111 Yam. M. 165. a 1111611111111 11111
1111 11111111111111 1111111111 1111 Υ11111,1111
1111.

1111111111, 111111 11111111 01111111 11111 Ya-
1111111 116111 ny 11111111, 111111 je 1111111111 11-
11111111 n 91111111. 6. 118. 129.

11111, clavus, 1111 11111111 11 ie norpjemna 1111·
111111111(11111)1 111111 111111 11111 111111111173.

11111, 1111 1111 je 1111111111 111 9111111111
varas, 61111 je y Μ11111.Ο..11.1817.11Ῑ.53. -

11111111, 1111111111 1161111111 111111 Υ1111111
12⁵3 y· 111111 1111111. Μ. 19.

1111111, 111 11111111 611111111Μ11111111151-
11111111 1111111 Ῡ1111111 111111 11111. 75. —- Cau 11111
11111111 11, unp 11111111 Υ1111111ί151..11.79.89.

1111111111, 1111111111 „apum-n 1111111111·
111111 1153 11111111 11111111.Μ.19.

11111, 1111 111111 11111 6111111111 ’9111111111
1111111111 1111111111111111111111111111 11111111 1111-
·1111 11 1 11111111 1111111 1111111111111..Μ.139.

11111111, 111111 1399 11111 71111111 111 11
‘ieme 11611111111. Π. 17.

1111111, magus: 1111111111. Γ. 11819.

111111, 1111 1111111 1111 61111111 ’1111111111

1111111111 1111111111111111111111111111 11111111 Kay-
1111 1111111111 1111111 11111111 711111.Μ.119.

 

