10·

1111111, 11111 11111111 11111111 1111 noio 11111011·
11111 1111111111111111111111111111111111 6111111111 1111.
Μ. 12.

. 11111111, 1111 1111111 111111 Crem 1111111111- ,
11111 111 1111111 1111111.Μ. 11. 1
1111111111, 611111 1111111111 1111111 11111111111

11611111111 1111111 1111111111 1401. 11. 31.

111111, 1111111111 11111111111, nome 611111 cano
1111111111, 1111111 11111111 1111111 1111111.11.1”1.61.
- 111111 11 11111 1111111111111111111 1111111 11·
1111, 1111111111.

1111111111, laetitia: 111111111. Μ. 541.

1111111111, 1111111111 11111111111111111111111 ,
1111111111 1 11111 my 111111111111111111111111111·
1111 1219-1111113111-11161111111111 11111111 111111-
1111111111. 111116.

11111111, 1111 11111111 11111111 1111111 1111111 11·
111111 1171 Μ. 11.-111111 11111111, 1111111111111,
1111111111.

1111111111, 11111111 1111111111 1111111111 1101.
11. 1111111 11 11 1111111111 11111111 11. Μ. 5. - 61111, uli: '
11 11 (11111) 1111 11111 11111111 (1) 11111111. 11. 177.

1111111111, 11111 1111111111 11111111111 ,11111 11111 11111011·
1111 unca 11111111 111111111111 y 1111111111111111 611·
1111111111 1111. Γ. XV. 303.

11111111, 1111111 ,111111 11111 1111 Μ11111111111111
1111111111 6111] 111111 11111111111111111111,11111,111· ’
. 1111111, 1111111111. Μ. 165.

111111, τοῦ 11111011111 je 111111111111111111-
1111 111 11111 111111 111111111 11 11111111. Μ. 11. - 111-
11111111 noio je 1111 Μ111111 1111111 1111111111

6111111 11111111, 111111 11111. Μ. 62. . .
11111111, 1111 11111111 111111111111111111111

1111111111 11111111 11111111111 1111111611.

, ’ 1111111111, 111111111111111111 11111111 111111-

na 1111111111 ,111111111 111111111 11111. Μ. 11.

 

