111

1111 111, 1 111111 11111 611111 111111111111111-
1111111111. 289. 2914111111 11111111. - 11111111
11 je 111111111111151111111111, 111111 1111111 11·
11111 11111 111111 1111111111111, 192.

1111111, 111 11111111, 111111 1111111.

1111111111, 111111 1111111 1111111 1 1111111 Ρ1-
1111 0111111111 1111111111 1111111111 1111111111 1391.
Μ. 119. - 1111111111 11111 6111111111011111 11111
9111111 1111111111 1398. Μ. 232.

1111111, 1111 1111 11 1111 ,11111 111 11111161-
11111111111 y 1111111111111111111111111 1111111111.
191. 1111 111161111111111111111 y 1111111111111,
camo 11111 111111111111.

mmm, 1111111111 ’1111111111 111111 11111 f
11 1111111111.Γ.Χ1.136. 1 1111111111. Γ.Χ111.371. no·

11111111 1111 11111111.

1111111, 11111111 11 ’1111111111 11111 11111111 ἓ

1111111. Γ.Χ1.135. 139. 1 11111111. Γ. 1111371. 1111

11 011111 1110111 1111 1111111111. xl. 1111. 11 11111- 1

111 1111111111 6111 1111111 1111 11111.

1111111111, 111111 111111111111111111 1111111· ’
111111. Μ. 31. 1111 1111111111 1111111111111111117. 1

1111 11111111 111111111111.111.1119.

111111, collis: 1111111111111111111 1111111 111111
1111 1111 1 111111 111111Γ.Χ1’.2811.

11111111, tumulus: 1111 11 11111111 11111· 111111
1111111 11111111 1111111111111111111111111111 111111·
111. Μ. 199.

1111111111, 1111111 1111 111--11 1111111 11 1111]
11 1111111111 ’11161111 1111 11 11111111 1111111 te·
111 11111, 1111111111 1111111111 1111 11111111111111
11111111 1 1111111111 1 1111111111 111111111111111.
111. 9. 11111 11 11111 111· 1111111 11111» 011111 111-
1111111111 1 11111 11 1111 1111 11111 111111 11111-
11111 11111111 1111111111 1111111 111111 ,11111111
1111111“ nanneno „Zamam (1111ζ1111111),1ο111111

 

