11111111. Μ. 66. 1111111111. Μ. 7-1. 11111 1111111. m. 1111·
111111 1111111 11111111. Μ. 91.

1111111,111ο 131111111111 11 11111 0111111 111-
1111111111 ,qao 11111111 Υ111111. Μ. 11. 11111111 111111 11
qap 0111111 11111111111111111111111111 11111111111 11-
11111 Υ111111. Γ. XV. 278.

1111111111, oran 11111Τ11111 1111111111 11111
6111111111 011111 1111111111 Υ11111111.Μ.273. 11 cau
11 111ἱῇ1111 111111 111111 111111111111111111Υ1111-
1111 1119. Μ. 291. a 119911111111 je: 11111111,1111 1111·
111111 Υ1111111.Μ. 291.

1111111111, 1111 11111 11 1111) ,111111 1111111111
9111111111 1111 8111111111111. 197. Υ1111111111.ῦ.11. ,
1817. ΝΜ. 6110 11 1111111 11111111 1111111111 11 Μο111111.

11111111111, monasticus: 111111111111 1111111.
(11.1. 111111 11 1111111111111 11111111 91111111. 01. 12.

111111111111 1111. (11.7. 111111 11111111111. 11. 57.

1111111 11111, 11111 Χ111111 1111111111011·
«1111 11111111111111 111 iliu-m: 81111 111111.Μ.11. 11-
1111011111111111, 1ῖ1ο61ο1ο11111111, 111111611111111,
Μο11111111 1151111111 11111111, 11111 11 111110111111111·
11111111 111 Χ1111111111, 11111111 11 11111111Υ1111 1111111.
mm. 11111111111 111111111111111 Υ11111111 81111 1111·
1111. Μ. 96. 1111 11 ’1111111 1111111 11111111011 y 11111-
11111 1111111 11111 11 Υ1111 1111111111. 111111
011111 11111111111111 11111111111 1 1111111111 1111111
nebu 11 8111111 1111111111. 1111111111 1111111161·
11111111111Α11111111111 111111 1111111 81111 111111.
Μ. m. 111111 1111111111 1111111 noba 1111 1111111111111.
Μ. 111.

11111111 1111,111111111111111111111111181111
,1111911112771111 11 1111111111111111 11 8111111111.

Γ. XV. 278. n 111111 (111111 11111111 11111111 nebu 11
111111 1111. R XV. 391.

1111111 111111, ,11111111 11 1311111111 1111111111 11
1111111 1111111. Μ. 96.

 

