78

11111 1111111. Μ. 110. 111 11111111111111111111 1111111

11 1111111 111111, 11 111 1111111 1111111111. 8. 37.
11 11 111111 111 11111 1111111111111. 11 11111 1111

111111. 3. 31. 38. 11. 1111111 111111 11111 11111319. 11
1111 1111111111111111111111111111 1111. 8. 59. 11 1111111
11111111111111 11 6111 11111111 111111 1111111111
1111111111 1 1111 1111111 11111111111111111111111
11 111 111111 1111111 1111111111. Μ. 1111 [111 nyma). 111
1111111 1111111111, 11111 11111 11 1111. Μ. 102.

1111, 11111511111111111101111111 9111611111
11111 111111 111111111111. Μ. 379. 1 cm niem 1111111.
Μ. 1119. 1111) 8111 11111111 11111111111. 11. 1711.

111111, ceno eoje ie 111161111111 'Ponam 0111·
11111 111 1111111111111111 11111111111111111111 1111·
1111 11111111 11 1111111111 1111111 11111111. Μ.ί139.

1111, dignitas: 1111111111 111111 111111. (11.3. 111·
111 1111 111111111111711. 1111111111111111111 111·
11111 11111 1111111. Μ. 11. 11111111 11111111. 196. 11
1111111111 11 111 1111111,11111111111 1 11111111111.
3. 30. 11 1111111111 11 111 1111. 3. 81. 11 1111111111
11113. 50. 1111111111 1111161. 1111111111 111111.

111. 78.

11111111, 11, 1111 1111111, 111111 11111111.

111 1111111111, uxor 1111 1311111111 1111111111 811·
1111111111. Π. 6. 19. 51. 11. 81. 11 anseny 11111110111111
1111111111.

111 11111111, τοῦ 1111111111 1111111111 1111111119.
11 1111111111 11111111111. 111119.

, 11111111, y 'l'ypm praefectus provinciae: 1111
,1111111111 1111111 11111111 1111. Μ. (171. 1171. tm. 1111
1111111111 1111111 11111111 811111 1111. Μ. 115. 5291111.
1111 1111111111111111. 111113. 11, 111 1111111111.Μ.539.
praefectura: 1 1111111111 11111111. Μ. 181. 11. 11111111.

111111, nne 11111111 11111 11111111 11111111 1111-

1111 9111110111111111, 1111111 811111, 111111 111 11
9111119111, 1191, 1111 11 11 111111 11111111 uo·

 

