,⁸⁷9

555555 655055. A. 51. 6555555 55555 1155055 apuam. Μ.
71. ιι5ι55 55 5 0550 6555055, 5055 55555 5555055055
55 555555115551155055560. 5055555555555 05 55555
05 cuum, 5055 5555. - cna 55505 Μ555555 ιιο-
0555ιιι5 5555 55050 05 6505555 1155555, 5555 je 55-
050 5055550 5550555, 555555 escham 5 55050 ce 5
0550 6555555, 5055 5555; 55050 ee 5 0550 Omns,
5550 05 55 5 55555 555555. Μ. 56. 68. Γ. xl. 191. 055·
raro 55555 1155055. ,1. 52. 550555 onom-A. 52. 155505·
55505 555551155οι50555050505..11.62. 5555555555 555505-
5555 6555555 55555 ι 15550555551155015 55555. A. 69.
nucu 055 1555055555 .ι. 1155055. Ji. 70. 550551155οω
1355055555 5555555. A. 70. 6555555 555055 11550555.
70. rex vros [11110115.111.85.-(1ιι5 xpm Μ5555555
50 55555 6555055, 5550 55055 0555 555555 (555555
6555555), 50055555 5555. 55050 55 (trem 1155015,
5555 je 55550 5055550 550555, 555555 creon„ a 55-
050 55 ιι 0550 555505 6555555, 5055 55555 5 55555
05 55 550555 5 0550 555505 1155055 50555555 5555555
55555555 55 1155055 55555 555515 505550 .5. (1336). M.
115. 55555 1155055 5505555551. 115. 121. ιρσιιιιι 1155055.
Μ. 53. ·- Ha 555505 550055 05055 550 505550 0550555
,55555550555513535 6555555 &pm 55555 mm 055-
5555511. 152. 555 55 505555 ,555555 5555 550 5555.
5550 55ρ; 0055 5055 55555 5555 5055550 55555 050-
5555 55555 1155055 55 5555555155 55 5555551555 55 50
he 055 5550055555 5555 055 505055, 550 ⁴je 505555-
mna 0550 5 5055555 50555 55 5555 5 0555 55555-
5055 &poma nojn 05 55 5555055 05555 5550 5555,
555 5555 55555 5055555 55 je 05 ῇοιιι 0555 5055550
55555 0505055 555 6555555. ,- 055 napa 6550555
1155055, 505555 je 0555 5555550 555555 5055 505 05
5055 55050 5555, 01. 555555 5505055 ce ιριιιιιιειιο
5505 555555οι55, 5 50050050 munumentum 0555 555-
mmm mero 115055 55555. Γ. 11111376. mu 115055.
5133135141. 153. 156.1’.Χ1’.256. 50 05555 055505

 

