79

11111 11111. 11. 217. 22⁰. 211. 217. 1169. - 11111 111111
11111111 (31111111 11111-6.11.191.109.-11111 1111
11111 1 6111111111 1111111111 1107. 11. 95. - 111111 .
1111111111, 11111111.

1111111111, 1111111 y 111111 1111111111. 11. 219.

1111111111, ennom« 1111111 1111111111 h-
1111111 1111111 111111 1111111111, 11111111 11 111111
1 1111111111,11111111111111111111 1111111 11111111,
finan 111111 1111111111 1111111, 111111 oe 11111111 1111
11ῒ8-91, 1 111111 1399; 111111 ee 11111111· 1111 1391
-1101. 111. 199. 217. 220. 211. 212. 219. Pam 611 1111-
111111 no 1111 1111111111 11111. ss. 10. 18. 20. 21. 25. 33.
11. 111. nuno 1111161111111 11111) 1111 1111111111-

¹ 6111111111 1111111 11 (3111111Χ111111111 1101112118.
’ τυ. ,111111 1111111111 111 1111111111, 111 ce 1111111 no·

¹ 11111 11111 1101, 1111111111 11111111. 11. 1111111111
¹ 11111111111111111111111 1111. 111219. 220. 1111 11

111111111111111111111111111 111111 1111111111111-
1111.- 1111111111 11111111 (3111111111 11111 11111111
111111111 1115-53. Μ. 129. 110151,

11111111, 111111111111111 11 1111111 11111111·
11111. 111123. 11 111 111111 11 1111 11111111115111. 111·
1111. 11. 110. 1111111111 111111111111111, 111111111111,
11111111111111, 11111111111, 11111111111, 11111111 1111.

“ 11553. 551.

11111111, 111 11111111 1301 11111111111111111-
111111111011111111 11111111 1111111111 1111111 111111
1 11111111, 1 1111 11 6111111111. 111219.

1 111111,1111111111111111111 1111 111111 11111111.
’ 193. 111111 1 111111. Γ. 11211.

1

1111111, 111111111111179.

1111111111, 1111111111 11111111111 1111111111 11·
1111111111011111111111111 1116111111 1111111111 1390.
11. 215. -111111 1111111111 1111611111 1111111111 law
11. 210. -111111 (nole 11111111 ie 1111111111 111111
111111 1111111111 XV 111111. 01. 1116. “

 

