030

11111011,0111111111111101111111111111011.Μ.2232.
238. 200. 201. 202. 308. 309. 318. 321. 325. 329. 331308. 308-
35901701902003311.103. 11111111111 1111101111235.
11 11111111 1111111 11111011.Μ.259.11111111(110)11.Μ.
1128. 111111 11111011. Μ. 031. 1111111111 1111111111 111·

11011. Μ. 307.
111110101111, christi 1111011111 1111101101111110·

11011.11.1.2.9. 11110101111 101101111 11111101 1111111.
Μ. 030 110111101οο je 110 11011111, 11 0000101010.

1111111, christus: 1011 111110 1111 111111. Μ. 237.
030. 1111111 1111. Μ. 239. 301. 11. 90. 130. [1090109110.
11 1111111 1(0)11(11111111011).Μ.030. 11111 111111. 11. 1.
2. 3. 0. 5. 111111 111111. 1195.

11111, 1110 1111111101 11011011 ,11111 11011 upa» Μ11-
aym 1010 Χ11111111ργ 111011 0101111 11111. Μ. 01. ·-
11110ρο11110 1111101101011111110110 0100011οτ 111111 111·
11111. Γ. xm. 371- 11011111111 ,11111 11011 qap (31110111
1110 1111111111 11100111000111111101001011101111111101011111
10110 nne, 111 10111 1011101001011110111101011 01111111111.
Γ. XV. 290. 292. 297. 299. - 111111 011111101111.

11111111, 0010 1010 je 1111010111101001111111111
1110 1111101111. Μ. 190. 01110111 6111101 1110111111 11111111.
cf. 0111111.

1111011, 1101110111, fundator: 1111011 11110101. 10.
11111011111111 11111111. Cr. 10. 11111011. Ca. 2. 101 1111
1110111 1111111. Μ. 138. 1111011111 111111. Μ.139. 111111·
1111. Μ. 571. 11. 11111011.

11110111110, fundatores: 01 11111 11111111110,
111111 111110111101 110. Γ. XV. 270.

11111, 111101 1011111

1111110, 11011 je 1011 Ceauy y 1101011 1111111 11
1111101101. Γ. XV. 300. 1100111111 je ’1111111111 1110
1111101 11 11111011 1111101111111 1111111. 111130. cs.
1101111, 1111111111.

,1 15Ξ1101111111, 100 11110101 11111111 1111011111.

 

