31

1111111111 611111 1111 1111111111 111111. 11. 6. 6. -111-
11111111111111, 1111111111, 1111111111, 11111111.
11111111, 1111 111111 111111 0111111 1111111110 111-
111 111111111111 1111111111 1111111111. 1111111111·
11111. Γ. XV. 271. 1 many 11111111. Γ. XV. 271. 1111111 ’
8111111111 11111111111111111111111 11111 11111111

111. 1111111 11111 1111 11111111 1111111.1’.Χ11.272.· ,

1111,“1111 1111111111 Pau, 1111111111 11111.Μ.68.1.11-
111 11111111.

1111111111, paradisi: 11111 11 1111111111 11111111 111-
1111101 2. 11111111 aetenum& 1111111111 1111111111.
11. 570.

11111, 111 1111111 1111111111 y 1111111 Γο1γ-

61111111 noje je 1111011111 110 11111211 11111111111111111. ’ '

ἵ 1111 11111111111 11111 611111 111111.1”.Χ11.298. 1 111111
’ y 11111111111111111111 1111111 11111 11111111 ue'roj
1 111111.1’.Χ17.287. -111111111111 1111111111 11111111-
111111 1 1111111111111111111111 111111 136811. 178.
’ --l'ocntwss¹ 111111 “Sypha 1 11111111 1111111 1111111371.
11. 6. 27.

1111111111, 1111 111111 y ’11111111 1111111111111
1111111111 (111111 nuceo 1111111 111111111111 y 1111· ⁵
11111 61111 111111111111111111 1111111111 6111111111
111111.Γ.Χ17.299. ·

ζ 11111111, 111 11111111 1111111111 1111111111
Crem 1111111 1111111 111111111111111 y 111111111 11111
611111 1111111 1111111. Γ. XV. 292.

11111111, 1111111 hyan 1111111 1111» 1111111111 gno
1111111111 11111 611111 1111111 Pam-M. 56³.

111111,- 1111 11111111 111111 111111 1621. Β. 111. 1. 16.

11111, 111 1111111111 11111111 111111Χ11111 11111
je 11111 11111111 111111 1111111111 11111111 61111111·-
11111.111.61.

1111,11111111·1111;111111 1111 1111 1111113126. 1111·

1111 1111111111 111111. Μ. 88. 11111 1111111111111 nm, “
1.125.1211. ,

 

