431

1111111, 111111 111111.
11111111111, ceno y Bam 11011 111111 ,11111
nuceo Ρ1111111111 1111111111611. 1817. 1151.

111111111, 111111 1111111111 11 1111111 1111111111.
Μ. 131. 111111 11111111. Μ. 135. 1111011011 1110111111.

1111111, 111111 111111.

111111111, ecclesia dem: 11111111111111111111·
111. 01. 6. 11 11111 111111 111111111. Γ. XV. 285.

1111111111, terra ecclesiae: 11 11111111 11111·
111111. Μ. 123. 11 1111111111.1’.Χ1’.285. 1 111111111 111·

11111. Γ. XV. ³00. 11 11111111Μ. 119. 11 11111111. Μ.
197. 199.

1111111, 111111 111111.

111111111, ecelesiae: 11111(11)111111 1111111111.
Μ. 19. 1111111 1111111(111). Μ. 27. (111 111111111 11111.
Μ.61. 1111111 111111. Μ. 61. 111111 1111111111111 1 111·
11111111. Μ. 62. 1111111 11111111. Μ. 62. 1111111111 11111· ,
11111. Μ. 62 111. 11 111 1111111111 11111111. Μ. 68. 111
1111111111 1111111 1111111 1111111111 11111,11 11 11111
11111111. Μ. 665. 1111111111111 1111111111. Μ. 92. 11111111
1111111111. Μ. 191. 111111 11111111. Μ. 191. 11111111111·
11111111. Μ. 571.

111111, ecelesia, 11. 1111111,1111111,1111111,111·
ua: 11111 11 11111 1111. Μ. 112 (111111 11111111111110
11). 111111111 1111111. ,1. 98. 1111 1111111 111111. Γ. Xl.
192. 11 11 1 1111 1111111. Μ. 69. 111111111111.Μ.61.111·

111 111. Μ. 61. 11 11111111 11111 1111111. Μ. 122. 111111
111111. 11111171. 1111111 111111 1111111111. Μ. 133.

1111111111 111111.Μ. 115. 11 111111111 1111111111111
1111111111. 3. 29. 111111111 11111111. 61. 1111 1111111.
011111 1111111111 1111111. Μ. 99. 1111 111111.Μ.191,.
11111111 1 1111111111 11 1111111 1111111111. Cr. 15. 11
11111111 11111111 1111111111 1111111. Μ. 115. 1111111
1111111111. 1533. 1111111111111111.3.39. 111111 111111.
Μ. 39. 111 111111 11111111. Μ. 99. 111111. Γ. xl. 139. 111·
111 1111111111. Μ. 197. 1111111 11111111. 11. 59. 11 1111·

11*ι

 

