111

11161111 1111111111 1427-35. 11.·317.181.- 111111
tomentum. 11161111 1111111111111.11.111.111.-
11111 camorana 1442-1· 11161111 „anemium
1123. 111. -1111111 611111111111 11161111 1111111111
1111-2. 11. 6. w. M. 1111121-1111111 011111111111
· 11161111 111111111 11111. M. 119. 121. - 61111111 111-
11111111, 11111111 1 111111, 1 §no 11111 &panna
00111111111, 1166-81. 11. 6. 1261111115611111661.
511511. · ¹· ·
111111, nne nymno: 1111111111 1161111111 to·
1111 1111 111 1111111 y 11111 1111111 115111. 111.
111111, satanas: 111111111111 1111111111 1111·
111 111111. (31. 7.
11111111,1111111;1111111111111111111111011.
111111 1111111 11111111 11111111. 0121111111
1111111111 1111111111. 16. 78.
1111111111, 1111111111 1161111111 111111111 Co*
Ι11111111 111111 y 111111 1111111. 11110. 11 1111111-
111 11111111111111 1111111101 111111111111111.

111111, lens: 111 111111 1111111101. 111. ev. y
111. lesek. 80.

1111111111,11”ς emat 11111111111111111111111.
A. 61.

eom, 111111 cmm: 11111111(11111 11111-
1111) 111111 or cessa 11111111111111111111111111
111111. A. 61. x

emuna, sophonias: 1111111111 11111111111,
11111 1616. Β. 11111. 16.

1111 1,1111111111 frumentarium, 111.1οοι,1111111111
11111111 1 (1111 11111111111) 1111111111 1111111,
111 111111 1 1111111111. 111. 131 1111111111 11·
1111111111111 11, 1111 11111 1111 enemo 1111. Μ.
119. 11 111 11 1111111111, 1111111111111 111111111
1 1111111111111,111111 11 11111 11111111 11111111,
11 111111 11 1111 11 1111 11111111111111111 1111·
11111111 1111111311. 11111111 11111111, 1111 1

 

