101

1111111111, hospitio excipere: 11111111 1 nm
11111111111, 11111111 11111111 111130.

1111111111, hospitio excipere: 1111111111 11111·
1111111111 1111111111. ,11. 15. 1111111111111 11111111111
1111111111. 126. 11111111111111111111111 11 1111111 11111.
A. 63.

111111111111, hospitum susceptio: 11111111 11111·
1111111111 111111 11111111. ,11. 112.

111111111, 1111111111111111 11 1111111111. 131.
1111111 11111111,1111111111 1111111 11111. 1111111, 1111111-
11111 11111111. M. 559. “

1111111, audire: 1111111111 1111111131. 12.

11111, nepai 11111·

111111, 11111 111·111111,1.111111 11111111111111.

11111,11.1111.’1110111111111’111111111111111111111111111-
11111 1111111 111111 11 01111.Γ.Χ11.271.11.1111111111111111·
11111111,11111111111,111111 1111111 jc 11111 11 011111.

XV. 100. 11111101111111111111 1111111 111111 11 01111.

Γ. XV. 301. 1111111111 jc l'ymanu 11 111111111111111 1111-

1111 1111011 11111111111 1111111 :teba 110111,1.11
jc 1161111 1111111111 omi-eheu, 111 nome 6111111 ce

111111 11111110 11111 11111110. 11126.

11111111, 11.1111111111,1111111111 1111111 nebu 11 111·
111 1111111. 111. 198.

1111111111, donare: 1111111111 1111111 1111111·
111111 111111 1111111111111112. 111111 1111 11111 111111·
1111111 1111111111. ,11. 93.

1111111111 11, donare: 1111111111 111111111111. 1711.

1111111, 0111111 jc Η11111111111111111 op 11111111-
1111 01111111 1 1111111111. Ca, 1.

11111111, inauris: 11111 11111111 11111111.11.6.73.

1111 11111, vulnerare: 1111111111 111111 11. 11. 62.

1111111111, vulnerare: 11 111111 1111 11111111
111111 11111111 1111111111 11111110.

1111111111, vadari: 1111111111 111111111111111
1111111. 11. 152. 1111111111 111111 (1111111111 11 .1. 111111,

111 11

 

