116

ne 111 111111 11111111 11111 1111111111 111111 111111
111111 11111 (1111 1111111111 111111 11 111111 1111111,
1 111 1111111 111 (11111111 1111111) 11111 (1) §m 111·
111. M. 108); 111111 1111 611111 11111111161 1111 11
1111111111, jep 11 1111111111 1111 11111, 11111111111
y 11111 1111111111111111111111 11 11111111. - 1111111-
unte: 111111.111. 390. 107. 111 1111111111111111111, 111·
1111111108,

111111111111,11111111 111111111111111111111110.

1111111111, numus argenteus: 111 11111 111111·
1111 11 .1. 111111111111. Μ. 370. -- 1111 y 13111111, 11111
1111 11 11111 1111 11111111111611111111111111111 111-
1111116111111111111-611 61111111 Crem 133311.
107. 11111 61111111111111 1111 11111111 1111111111 111111
3111111111 1166611273. 11. 6111111111.

1111111111, 11111 1111111 61111 11111111 611111·
11111 1 1111111 1111111111 1111 111111 1111111111 1161111-
1111 y 11111 6111111111 111111. 11. 6. 33. 11 11111
6111111111. ss. 6. 36. 11 11 (1111111111 1161111111) 1111-
111111 111 6111111111.11.102. 16111111111 111111 (111
1161111111111)111111 11111 1111 1 1111 111111 111111
11 111111.11.130. 1111 11111111 6111111111 (11111111 11·
11111’1“1111111116).Μ.137. 11 1111111, 1111 11111 111111·
1111 1 11111111 11111111 1 11111111111116111111111.
111110. 1111 61111111111111 111111 111111 3111111111 1111

’ 1111111 1111111111 1161111. 73. 11111 1111111 (11111111

11111), 1 1111161111111111..1.81.

11111111111111,1116111111111111111111111111111
1 1111111 11111111 1111 11111 116111111111111161-
11111111111111. 11. 6. 35. 11 1111111111111111111111·
1111111111 (11111111 6111111). n. 160. 1111111111111·
11111111111 (11111111 6111111).11.6.61. 1111111111111
1111110137.

11111111,11·1111111111 1111111 1111111111111111111.
M. 11. 1 111111111 111111111111111. 1111111111 111·
1111. M. 133. 111111 11111111 1111111111. 11. 18. 111 11·

 

