1111111, 1111 11111 1111 1111 1111111 1111 mmmm.
11111 11, 1111 11111 111111 1111111111. 1187. 1111 1111111,

1111 111111111 11111 11111111111111.11.113. 11111 11
111111, 11111111 11111111 11111 11111. Μ.197. fortuito
11111111 11 1111111 11111111 1 11111111 1111111 1111111, 111
11 1 111111 11111.Μ.21. 1111 11 111111111111111111111
1111111. Μ.116. convenire: 1111111111 11 1 11111111.
11. 6. 106.

111111, opera quaedam 111111 11111111 1111 11.
11111111 11.

111111, 111111 11111111.

1111111,111111 1111 1111.

111111, 111111 1101 11111.

111111,1.11111 1111 1111.

1111111111, 11111111111111 11111111 111111.Μ. 101.
11 11111111 111111. Μ. 107.

11111111, conflagrare: 11111 11111111. Γ. Χ. 216.

1111111111, parare: 11111111111111111 11 1111111·
11111111. 1111.

111111111,1111111111111111111111111111111111111-
1111 111 (1111111111). Μ. 167. 1111111111 111111 11111-
1111.Μ.533. 1111111 1111111111. Μ.558. 1111111 11111111. 85.

111111111,111111111111111111111111111111111111111
111111111 11111 1111111111 11111111111 1111 111111-
1111 111111. 01. 15.

1111111, delictum: 11 1111111111 11111111 11111
11111 1111111111 111111 1111 11111111 1111111. Μ. 378.
1111 1111 11111 111111 1111111-111111 11 1111111 111 11 1111
1111111. Μ. 111. 11 1111 11 1111 11 1111 11111111111111
1111111 11 111111 11111111111 11111111. Μ. 110. 1111111111
111 1111111 1 111111111111. Μ. 157. 11111111 1111111. Μ.
118. 11 11 11 11111 111111111 111111. Μ. 158. 1111 111·
1111 1111 1111111 111111111. Μ.161.

111111111, peecare: 11 11111111 11111 11111111·
111111 1111111111 1111111111.,11.106. 111111 11 1111111 11111·
111111. A. 218.

 

