1111111 1111. Μ. 111. 111 1111. 3. 19. 11. 1 1111110101 11,

1111111111 110 1111013. 111111 11 1 61111111
1,11 11111 111, 111111 1111111111111 1011110111 ua
111101 1111111 11 111. Μ. 116.

11111111, vicanus: 1111 1111 1111111 1111 1111111.
11. 118.

1111101111, 1111111111111111111111111111
1011111011111 1111 111111 101111111101 y [lpu- '
apeny 11111 611111 1111111111 1111101111. Γ. XV. 291.

1111111111, 111111 1111111111 111111 11111111 te·
1111111. XV. 277. 1 1101111111 ie 111111 111101 11111-

11111. XV. 295. 11111111 6111 1110.
11111111 1, Symeon: 1111111 111 11111111. M. 2-

1111111111 11111011 61116111111011Μ111111111111 ¹
1111111 1219. Μ. 31-1111111111 11111111 1111111111
11111011 1111111111 1111111111 1211. Μ.15.
11111011, 1181110111 11 11111111111.Μ.69.
111 1 11 1 11 1 , 1111111111 11111116011111111111·
11 1 ,1116111111 1 Ocu-oie 1111111111111111111101111
law-1400, 111 11111111 1 11111111.Μ. 1911216. 218.

-111111 1111 1111110111111111 1 1111111 1391111.
111-1111111111 nepas-a 61111110110111111 0110-

1111 1011011 11110 1111101111 1111111111 1119. Μ. 283.
-1111111111 xpm 6011111011’1’11111111 1 11111111
01111111 1011011 111111 1111101111 1111-51.11.128.
111161-11111111111161111111111111111011111112
11119121. onai ce 1111111 1 1111111111,1111111111.

11111111, maai 11111111.

1111ι1,1111111111161111111110111111111111298.
cs. 11111111.

1111, -111, 1110111 y 1111111101 1101111101 11111111
1111111111 11 mopy: 1 1111111911.

111111, 1111111 1 111111,1111111101111111111- ⁸
³²1) 111 1111111111 1111 91111 ,1,1111, 1111 111111 111-
111. Μ. lm. 11110 111 1111116111 1111111111 1110 Cena
1111. 111111111101 y cp6njn.

 

