1111111111,1119111111111111111111111111111111·
111111. Μ. 222. ’1111111 11111111 11111111111111111.11.
⁶. 112. 11111111 1111111 (1111111111)111111111111 1111·
11111 1111111 1 1111111111. A. 60.

1111111, assequi: 11111111 11111111.11.9.1111111
1111111111 1111111111,111111 1111111111 1111111111 1111-
111111. 123. 11111111 11111111 11111111111111111111111
11 11111. Μ. 91. 1111111111 1111 1111111111, 1 111 111111
11111111. 77. prodesse: 11111111 11111111 11111 1111111
11111111 11111111111111 1111 1111111. 151. 11 ca
111 111 111 1111111 111168.

11111111111,1111111111,1111116111.1111111111111111·
1111 11111111. ,1. 112.

111111111 11,111(111111111111111111111111.Γ.Χ1.79.

11111111,1111111111111111 11111 11 1111111111 111·
1111 111 1111111111.11.125. 111111 111 1111111111111·
1111111111111111. Μ. 126. 1111111111 1111111111 11111·
1111 1 11111111111 11 11111111 1111111111 1 111111111111
1111111111. Μ. 189. 1111111111 11111111111 11111111 11111111
111111111Μ. 196. 1111111 111111 1 1111111111111111 1
1111111 1111111111 111111111111 11 1111.. 11170. 11 11111
11111111 1 1111111, 11111 111 11111 1 1111111. 11. 6. 79.

1111111111,111111111111 1111 11111 11111 1111111111
1111111, 11111111111111 111111. ,1. [17. 111111111111 111-
111111111111 111111 11111111111 11111111111.111.68. 1111
1111111 11111111 1111111111. 93. 11 11111111111 111·
11111111 1111111 111111 1111111111 111111. Μ. 1111111111
11111111. Μ. 568. 11111111 1111111111 111 1111. Μ. 211.
11111 1111111 1 11111 11111111 11111 1111111111536.

11111111111, alacritas: 111111 11111111 1111 11111·

11111 1111111111 1111111111111 1111111111. 198.

111111111111111,111111111 1111111111111111111 11111·
1111111111 11 1111 111111111 111111 111111111111. 159.
11111111 11111 111111 111111 11111111 1111111111111111.
A. 187.

11111111, obviam 111111 1111111111111111.11.199.

 

