111 ,

1111111111 y 11111111111111111111 1111111111 1111111111
Β1111111111111.11. 118.119.120.121. 1111111110 my 11111
111111ο110111111111111111ο111111111ο11111111111111111.

11111, -1111, Stephanus: 011111, 0111111, 01111111.
Π. 106. Π. 6. 18. 20. 111111 101111111111, 11111111111.
, 1111111, Stephanus, 111111111111111111.

1111111111, 1111111111 11111 6111111111 Το-
111111 1111 011111 01111111111111-6. Μ. 128. 440.

1111111, Stephanus, nnmy 11 011111 1101111111
0111111, 111111 1111111,11111111111,11111111111, 111·
1111111111,11111111111111111111,111111111111,ος11·
111111,0111111111, 1111111111, 0111111111. 11111 11
11611111111 01111111 11011111 611 11111111111111
11 1111111 11 11 6111 1111111111111111111111, 111 11
61111 ,1111111111 Π. 6. 81.

11111111111,1.1111111111111111111111111111111
11111111 111111 0111111111 1219. Μ. 34. - 11111111 11·
11111 1 11111111 11 111111, 11111111 11111111 01111111
11 11111111 0111111111, 111111 611111 61111, 1111111111 nu
umuy 11 011111111111 0111111111 101111111111,1111111
11 1111111111 111111 1119-33,111·111 1419-38,111111 1419
-51Μ.291.301.357.300.305.3733833911681168089.

111111111, τοῦ 01111111 11111111 11111111 (p. 1.
01111111 1111111111). ΙΙ. 128130.

11111111, 8111111111,111111 0111111111, 0111111.
το 1111111111)1 1101111111.

11111111, Stephanus, 111111 111111111111.

1111111, 111111 0111111.

111, 111111 11.

11111111, 1Τ11111 apparitor: 1111111 1111111111.
Π. 132. 1111 1111111 1111111. Μ. 110. 11 1111111111 111111.

Μ. 523. 1111 111111. Μ. 520. 1111111. Μ. 550.

1111111, sabbatum: 11 111 11111111 11 1111111 111·
1111111111 11111. A. 193. 1111111 1111 1111111111111 u·
11111. Γ. XV. 300. 1 111111. Μ. 111. 11 11 1111 11 1111111
11111111 11111111. Μ. 513.

 

