78

. 11111 1111111. M. 110. 111 11111111111111111111111111

1111111111 1111111, 11 1111 1111111 11111111111.3.17.
11 11 111111 111 11111 111111.11..157.173. 11 11111 11111

111111. 3. 31. 18. 11. 11 11111 111111 11111 1111111119. 11
1111 11111111111111111111111111111 1111. 3. 59. ca 11111111
111111111111111 11 6111 1111111111 611111 1111111111
ce 1111111111 1 1011 11111111 111111111111111111111111111
11 111 111111 1111111 1111111111.11.191(111 nyma). 111
1111111 1111111111, 11111 11111 11 1111. 11. 102.

1111, 111111 11111111 11111111101111111111 0111611111·
1111111 191111 111111111111.11.179. 1 1111 nimo 111111.
11. 119. um) 1111 11111111 11111111111.Π. 176.

111111, ceno 11111 je 11111. 6111111111 'Ponam 01111·
jah 1111 1111111111 1111111111 11111111111111111111111 1 111·
11111 11111111 11 1111111111 11111111 1111111111. 11139.

1111, 11111111111111111111 1111111 1111111113. 111·
111 1111 11111111111. 111711. 1111111111111111111 111·
11111 11111 11111111. 11. 11. 11111111 111111111111. 11
111111111 11 111 1111 1111,111111111111 1 111111111111.
1130. 11 1111111111 11 1111 1111. 3. 31. 11 111111111
1111. 3. 59. 11111111111 11111111. 1111111111 1111111.
,1.17. 78.

11111111, -111, 111111 1111111111,1.11111 1111111.

111111111111, 1111111111 1111111111 1111111111 911-
1111111111. 6. 19. 51. 11. 81. aa 1111111 11111110111111
1111111111.

1111111111,11171111111111111111111 1111111119.
11 1111111111 11111111111. 11. 6. 19.

. 11111111,1Τ1111111 praefectus provinciae: 011
1111111111 1111111 11111111 1111. M. 171. 1711. 1111. 1111
1111111111111111111111111111111111 1111111111. 119. 11111
1111 111111111111111. 11111111, 1111 111111111111539.
1111111111111111111111111 11111111. M. 181. cs. 1111111111.

111111, 11111 1111111111 11111 1111111111 11111111 11 11111-
11111 11111111111111, 1111111 1111111, 1111111111 11
111111 1111, 1391, enno 111 we 11111111 1111111111 110·

 

