270

11111111.Μ.08. 11111111 11111111. Μ. 110. 11 11111111
11111111. M. 558.

1111111, obses: 111 11111111, 111 1111111 11 1111111
,1111 1111111 1111111111. Μ. 320. 111 1111111 1 11111111. Μ.328.

11111111, 1111 1111111111011111 11111111ιὶ11-
1111 1111 ssim: 11111111111 1 11 11111111111 zum·
111111 1111111111. 11.

11111111 1,11111111111 111111111111 1111111111 116111-
numi: 1111111 1002-21. n. 38. 152. - 0111111 1011-05.
11. 108. n. 6. 70. 100. 121. 120. Μ. 375. 370. 015. 033. 037.
1111111111 111 1111111111 111111 jem 1111 111111111 1
1111111 111 11111111. ῐΙ. 108. Μ. 015. jem uyv ce 111-
11111 611 1111111111. Π. 150- 8111111 1023. Μ. 329. -
1111111111, 1111111111111111111111 1111111 1111111111 1002,
1 1111111111 ny cvojn rpnjemutou 11111111. Μ. 010. M.
111-1111111111 y naa6panon 11111ογ. M. 019. -
1111111 1002-5 y 1110111111 11111111. Μ. 019. 023. 031. -
1111111, 1111 1111111111 1003. ss. 0. 100. 120.

111111, 1111111 y Banavy: 111111 111111111111111
11 11111111 1050. Λ. 79. Γ. Χ. 273.

1111111111, 111111 y 5111111 11 1111111111. 80.
11. 1111111111.

11111, illuc: 111111 111111 1111111111 11 011111. Μ.
53. 11111 11111, 1111 1111111111 1111111 1111111 11. Μ.
137. 1111111 11111111 11111 1 1111. Μ. 150. 1111111111·
11111 111111111111. Μ. 170. 1111 1111111 11. Μ. 187. 111
ce 11111111 1111 1 11111. [Ι. 02. 1111111111, 11111111
1111111111111111118. illic: 111 1 111 11111111 1111
11111111, 111111111 11111111 1111111 11111 1111111111
111111. (11.8. 1111111111 1111111 11111111 111111, ι
11111 11111 1111111111. A. 108. 1111111111 1 1111111111,
1 1111111 111111 1111111. M. 20. 3011111111 1111111-
1111111 1111111111 Μ. 81. 111111 1111 111111. Μ. 130. 1111
1111 1111111111 1111111, 1111 1111 111111 ,1. 1111
11111 1111111110111111111111 1111 11 1111111. 01.-
yma 1 1161 111, 111111 11111111.

 

