170

0150. 11. 1111111111-1111111111 11111 xpm (1111111111
01111111111111 Y pom: 01111111 1111111. 01311115.
17. 18. 505153. 0111111 0111111150. 110 11111111111
ra 1111111, 111 111111 11111 1111111111 1111111 011·
1111 11111 0111111 1111111. Μ. 71. 11111111 ra 1111111111 ea·
mnjem 1111111111 01111111. 60. 0111111 111111 0111111
111111111111111 11111. λ. 60. 0111111 11111 11111111

11111111 11111170. 0111111.1.01111111.Γ.Χ1.116.11111111

ra 1 1111111111 11111111 011111, 11111 1111111. —- 0111 {epm
11111111 1111111111,111ο 1111111 nome ce 11111 nne·
1111 Cretan: 111111 01111111. 111191. 1 11111111 011·

1111111. M. 561. 0111111 11111. Μ. 70. 71. λ. 1111. 62.
60. 10111 ra 1111111111 0111111 1111111111. Γ. 11119.

1111111111111111 ce 111111 11 1111111111, noje 11111. 11.
0111011011· -11111111 111111111111111 1 1111111111

1111111111 11111 111111011111111111 10111111 11
01111110111111 11111 1 01111111 011111 1011111 111111
0111111 1 0111111 11111111 0111111 11 0111111011111
1111111111 0111111 111111 011111 11111111. 11555161.
65. 66. 60. 71. 72. 73. 71. 76. 788183. 81. 80. 122561562.
5661111100.11.6.3..160.70.1“.Χ1117. 11111,11·
11111, 1111111111 1 11111111111111111111111111, 1111·
1111 11111 1111 1111111111 1 1111111111,1111111111111·
111111 11111 111111 0111111 01111111. xl. 10111111
11111111 11 111 1111111111111 1111111 111111 111111 011·
11111 0111111. Γ. xl. 105. aony 11 11 1111111111, 11111 11111,
1111111111 11111, 11111] 111111 11111111 1111111111 11.
11111111111111111 11 11111111111 11111 1111111111·
111 0111111 01111111 (1311111181. 1111111 1111111111
111111 11111111 11111111 1111111111 .1. . . . 11 1111111111 1111·
1111111 0111111. Γ. ΧΙ. 38. 30. 11. 1111111111, 0111111.-
(31111 1111111 1111111111 0111111, 1111 11111 111111 11111
1111111111 11111111 1111111 0111111111.11.68.11111111111
11111 111111111111 0111111 011111111111 1 0111111

omn 11111 11 0111111 11111 011111 111111 11 cano
011111111111111111 1111111111. 1111111111.

 

