11111 1111111111111 ,· 11111111 1111111111. 11. 11111111
111111111111 11111 111111. Μ. 116. ·
111111, 11111 111111111111111111 y 1111111111-

romum 11111 ie 111110111111111 1111111 apum.
,11111 y sspuapeuy 11111111 6111111 1111 9111111. ΗΝ·
297. -111111 6111111111 *1111111111 11111111 6111111 1167.
11.176.-.11.11111Ο1111111111111 1111111 9111111 mm. ,
11. 987. 11. 691-1111111 1111111111, 6111111111.

11111,11ο11111111111111111,11111.111111;11111111111111 ’ ’

(1111111111)11111 mn 11 romu, 1 11 11 1111111111 111
um 111111111 1111111 11111, 11 111111 1111111111.
⁵⁶5: 11111111111(111111111111) 1111111, 111111 1111111111
11111111. 98. A ’

11111111111111, suavis: 11111111111111 1 m·
1111111111 1111111111111111111 11111111 11111111 11111·
1111111. 11. 176.

111111111111111,11111111 1111111 habens: 111111
1111111111 1111111. Ga. 8.·

1111111 1111,111111111111’1’1111111111111111 11111]
11 91111111 flou. Γ. xl. 1³5.

1111111,6111111,1111111111111111111101171111·
1111 11111. J. 61. mu 1111 1111111. (11.9. cunam 1111111.

μῦ. 11111111 111111 11111111111111111116111111111 ’

111111. Μ. 567. 1111111111 11 11111111 1111111 1111111. 11.
1111 11111111111111111111111111316.11111 111111 11111
1111 1111111111111111111111 11111 11111111. 559. 111·
11111111 11 11 111111 11111111 1111111111..11.216. 11111111
1111111111 1111111276. 11 1111111 11111111 11111111. 11.
239. 1111111111 111111 11111111 1111111291. 1111111
1 111111 111111111111111111112 1111111111 1111 11111111
11111111 1111 111111 1 111111 1111111111 11111 1111111-
11111 11111111111111111 11111111 11111. Μ. 291. 11 111111

y 111111 1 1111111111111 1111 1111111111.11.169.111111

1111111111 11111 11111111.. M. 29111 111111 1111111111
1111111111 11. 11. 111111 1111111. 319. 111111- 111111111-
Ῐ 1111. 111319. compa 111111111111111 11111 1111 11111

 

