m

1111111111111111111011111111111111111111111111111111
1111111 1 1101111111310. ,

11111111111, 11110111111 111111 (1501111.) 011·
11111111 1100. 1131-1111 1111111 1111111 ’1111101111
’ 01111111-01111111111 1111111111. 112. :

num 11111110111111111 111 11111111111111 111
1111111 111 1111. 8. 32. , ·

1111111111,1101111111111111. · ·

1111011111,110111 0111111111.

1111011111,11.111ο1010111111111110101111111·
coma 01 1111111111 11111 11111111 1111111111 1111101111·
1111111 611011 1 0111111111. 1110. 1111 11 (1111111-
wamma 1111111111111111010 y 11111101111111111 nebo
1111 0111111111 11110 111111 1111111 1111111111.
w. 111111 1111 1111110110 a 1111 0111111111. 11. 80.
το je 1010 1011010111 1111111111 1111101111 1111111·
11111, cano 11110 11 1111110110 0111111111111. 0. 1111
je 11110 uena 0111110,11101111101 0101111111 111111
1111 1110 11 1111111111, 1 0110111110 ee 0 1111011161-
11111111111 Μο111111011 1110 n 1011111111 mm 01101111·
111111. '

11111, 1111111111 1111111111111111..1.78,

1111111 1111, 111110 ypom 1111110 11611111111111
10111111 11111111. 110.

-111 1111, 1111111 11111111 1111111111 1111 1 uum
111111111.11.31. enno 11.

11111111, emporium 1111111111· 111111110 1111111·
1111 1111 1111111111 1111111, 1 11 11111111111 1111111·
11111111. 11101. 1111 11 11111 1111111111111 11111111
1111111 111110111111, 11111111111 1111, 1 1111 11111
11 111111. 110111 11 1111111 1111111111 1111 1111111.
11. 100. 1111 11 1111·11111111 111111111101 1011811.
111. 131 qo 11 11111 1 1111111111111111111.11.01. 111
1111111 1111111 1111111001. 111 11111111111111111
Ι111111 1111111111 uhlilhnz 1111 11 111111 1111111,
11011111 1111111111,.1.11111.11.1(0...1.1111111111101.

 

