111

111111 111 111111. Μ. 500. 111. Μ. 510. 11101. 533. 111.
11. 175116. 119. 1111111 1111 111 111111 11 y 11111111
1101111111 111. Μ. 205. 206. 111111 je y Jymnom rouopy
1 1111111111 y 111, 1111111111 1111111111111 1111111111111
11111111 11111111 cauo 111111 1111111111 111111 1111111111
1111111111 11111111 11 je 111111 111111 1 11 11111 1111
nyma nanneno 1111111111 ce 1111111111 1 11 111111 111-
1111 111. M. 177. 11 111111111.Μ.21. 11 11 111111. Μ.29.
111111 11 111111 1111111.Μ.’30. 11 11111111111111111
111111. Μ. 55. 11 11 111111. Μ. 208. 11 11 11111111. Μ. 268.
11 11 11111. Μ. 055. 11111 111111 11. Μ. 535. 111 11111
11 (maj 111, 1111 u 11111 1111111 11111 11 1111 1111111
11111 y 1111111 1111111111). Μ. 209. 11111111 11. Μ. 255.
11 11 111111111. Μ. 273. 11 11111111 1111111111 11
11111111111111111 c 1111111111 11 (non) 11 11 (nec)yaeu1e
κ 11611111111111 1111 11 (11ης 11 111 1111 1111111.
Μ. 151. 11 1111 111 111111. Μ.550. 11 111 111111111.Μ.
551. 111111 ceno 1111111111111111 1 11111111, 1111111111
1111111131 11111111111111 111111111 11 11111 1111111 . · . 11111
1111 1111 1111111, 111111 11 11111 1111 1 111111. Μ. 150. 111
11111. Μ. 030. 1111111 111 1111 311111. Μ.200. 1111111
1111111111 01111111. Μ. ‚²3¹- 111 11111111 111111 1111
1111111111. Μ. 326. 1111) 1111111 111. Μ. 020. 1111111111,
11 1111 11111111111.Μ.080. 1111111111 1111111111 uje-
111 11 1111. Μ. 132. jep y nanenncy 11111111 y Euo·
111111 y 1111111111 5151111111 11 111 11111 je 1111111111

1111111 1111 1111111111 11111 11111. 111111 je y 111111 ,11111 »

1111. 1111111111 11, 611111 11 y 11111 y 1111111111 1111 11111
y 1111111111 111 11111111 1111111 11111111111 111.Μ. 108.
11111 1111. Μ. 108. 11 1111 11111111. Μ. 183. 1111111111·
11111111. Μ. 268. 1111 111111. Μ. 303. 1111 1111151 11111.
Μ. 485. 11111 1111. Μ. 230. 1111 11111.Π.2. 1111 11 111
1111111111.Μ.206.208. 11111111 111111 11111111. 11. 81.
11111 111111. Μ. 532. 1111111111111.3.06. 11111 111111.
3. 111-111111. praes. 111,111111111 111111111 11101.
11. 11111111 111111 111 11111 11 1111111111 1111101211.
³1⁸*

 

