172

cmm. 111. 170. 11. 00. 055555501220. 555 5155551555-
5555555555555555455555555.Λ.62.70.-115515.15555

4545555 5 555155555555555055555505555555554515· ’
4555. M. 105. 200. 205. 215. Γ. XI. 138. 51. 1154555- Τ55ο 5 ,
5555555 65555555 Τ55555,,115555ι5, 055515, ’155555 1

Τ55555551,Το55;55545155455155 55555. —- 055 “
55555 055515 55554555 0555555 1000. Μ. 272. 275. 385. ³

5545551110-20 0555555 55555 55555555, Rom 5 555·

1

55555. 01. 282. 0555555. 01. 280. 202. 205. 554555 1020 1

55555 55555 0555555. M. 307. - 055 55555 Το55, 055·
555, 55 555555 55555 5555 1051. Μ. 008. 000. 55555·
555515 ce 4545555 15 5 55 55555 5501555 555 055·
5555, we ra no 455 5555 55555, 5 555 5555» 555555

55 5555 1001ε 11155555 0555555. Μ. 085. 088. 080. 000. ὲ

55555 0555555. M. 088. 080. 001. 51. 1555555515. 55 5555,

za 55545 crema, 545 55155555 555 4555555 1155555, 2

5555 4555555 1355155 05555555151100. Γ. Χ. 270. 5555

555555 eunt 55555 orem 1100. Λ. 80. Γ. XI. 270. - 055 ³
5555 Ι1155555 1305-1027, 45 55555 555555551005 5555 ,
5 5555515 4555555 neg& 0555555. 11. 3. 7. 8. 0. 1015. .

10. 17. 28. 30. 35. 37. 01. 01. 228. 200. 200. 202. 200. 507. 568.

1155555511. 5. 37. 0555555. Μ. 202. 200. memus 55555 5

45555 55555555 5 5555515 5 namnetum 55555555 45·
cnon. 0555555. 111. 200. 277. 333. 331. 335. 571. 11. 70. 02.
108. Π. 0. 01. 00 71. 75. 70. 82. 0555555. 11. 03. 0555555.
11. 77. M. 335. ympno 10 155 102701. 335. 330. 352. 030.
037. 0555555. Ι11. 02. 72. 73. 70. 75. 70. - 055555 11555
0555555505 15555 5 155551» 55515 y 154555 55555-
5555 454555 5555555 555155 555 cremant 0555555

1
1

1
1

1

1
1

15555555, 0555555555 1555555. Μ. 278. 270. - 055 45- ,

55555 135515 5555 13555 0555555515 cmm 1005-70. ,
111. 033. 037. 078. 0555555111. 077. 078. 070. negt 0555555. ‚
Μ. 038. 4555555 0555555. Μ. 518. 500. 501. crenus. 11. 03.
73. 77. 70. 0555555. Ι11. 03. 00. 708082. Γ. xl. 125. 55555
55 5 4555555515, 5515 5545. - Can 55555 115555 Χ55·
5515 5555 5555, 5555515 555555 5515545 55555555,

 

