11111 1111111111Τ111111111611111 1111111111 11111. Γ.
11111171

1111111, Θεόφιλοςε 1111111 111111111110191 111
1111111111 11111 0111111101111.

nonu, θεόφοιτοςε 1111111111 1111 1111111111
11111111 11111111, 11111 1111111 1111111 1111111111Μ11-
11111 6111181111111 1111111111 111151111111111
1269. Μ. 50.

11111111,1.11111 11111111.

11111111, calor: 11111111 111111111111111111.
Μ.134.

1111111, calor: 111 1111111111 1111111113. 1111111
1111111 11111111 1111. Μ. 122.

11111, calidus, 11111 y 1111111111111γ,1111111;
111111 11 111111111101. 24. 1111111 11111111111111·
1111. Μ. 3. 1111 11111111111 11111. Μ. 71111111 11111111
1 11111111 1111111111111111. Μ. 109. 1111111 11111111. Μ.
110. 111111111 11 11 1111111 1111111. Μ. 1291111111111
111111. Μ. 134. 111111 11111111111111111 1111111111. M.
568. 11111111 1111111111 1111111111 11111. Γ.Χ111. 361.

11111, 1111111111 11111 11111111. Μ. 131. 1111111111
1111 11111. Μ. 191.

11111111, patina: 1111111 11111, 1111111111111·
1111 1 11111 11111, .1. 1111. Μ. 400. 111111 11111.Μ.109.
111 1111111 1111111111 1111111.Μ.408. 11 1111111111
11111 1111111111 .1. 1111, .1. 1111, ,1.1111, .1. 11111.
11. 6. 98. 99. 100.

1111111, 111111 11111111.

111111111, 1111111111 (1111111 6111 6111111111
1111111111111111 1332. Μ.102.-Β.11111.111111111161-
11111111 011111 1111 1111111111 1399. Μ. 2³⁷. -
,1111 1111111111 111111 xpm 611 1111161111 11111
0111111 111111 01111 ’11111111 1409. Mna. 111111 11
0111111 111111111111111 111 1401, cano 111111111-
1111 1111111111 1111111.11. 80.

1111111,1111111111111, 11111 11 1 1111111, 1

 

